24578
8195
16389
16393
24589
24593
6830
22
24
26
16414
16415
8224
24614
24616
24617
45
46
16433
17187
62
65
21550
78
13
16469
8279
88
17764
93
16482
106
16495
24696
16505
24699
16511
128
24705
24706
135
16521
140
141
24718
8335
11403
24722
8340
24601
5511
8349
16543
16553
8365
24753
178
16563
8372
16565
16568
185
24762
24765
16575
193
8386
200
16589
16590
13422
16594
8403
214
215
8408
16607
16611
231
1404
4135
24814
24819
244
8446
2773
16640
24833
24835
260
2774
24845
16654
16429
26196
24861
18013
16674
299
24877
24885
16694
8503
15559
16703
320
16708
8517
16717
16722
339
16727
16651
345
5519
24924
8541
351
17808
8547
24932
16741
8552
364
369
16754
2621
8254
24955
16765
24960
8579
16778
396
8589
8592
21825
8261
17819
8612
25006
9629
16817
17823
449
25034
25043
25050
25053
482
25060
8680
491
16876
495
9593
16881
16882
500
25080
8701
25086
16899
16906
25102
8280
25107
25108
25111
16921
543
16931
25125
11015
25139
570
573
9021
16967
16976
593
8786
25172
21024
8801
16994
113
25189
615
17001
6387
17006
624
25201
25205
8823
25209
17022
639
15126
25228
17038
8851
8854
8857
8862
8864
25250
676
18299
16498
8879
17075
17082
17086
17089
22318
25286
25287
25289
715
8312
8916
727
17113
17116
25316
743
17137
17149
21848
25346
773
8968
8972
25359
8978
17172
17178
25378
17189
17194
811
27
25396
17207
824
9017
25402
9020
25408
9027
9030
23351
17228
9037
17233
8298
853
25435
17245
25439
17250
6971
869
9066
17266
17268
888
17273
9082
25469
894
896
9090
17285
17286
25480
9099
914
1667
21998
17304
17306
15173
930
9124
934
9127
26193
937
25516
17330
950
9143
5621
19945
25540
25541
17359
25553
25554
25557
25562
25565
12453
9184
25569
17379
25575
1000
17385
24726
25585
1014
9207
9208
17403
1023
1028
17414
25607
25610
25611
22018
1044
9241
17439
9249
1058
9255
26019
13831
17453
25648
1074
1078
25660
17472
1090
9283
8375
25678
1549
24860
9306
1116
17501
7013
9313
25698
1124
9325
9327
4286
9341
1151
17536
17538
17543
8222
5655
9360
1172
17559
25758
1186
1563
17580
25777
9397
25783
25785
1217
17603
17612
1229
24781
1234
22051
9432
9433
17626
9439
19324
9450
25836
1265
9458
1267
17655
9471
17665
16598
17670
25864
9482
17681
9491
17688
17692
1310
23429
9511
25896
1321
25902
9522
25910
17721
1339
25916
1343
19340
17738
25931
1356
25937
17746
17750
17751
25948
1373
9572
25957
9579
17778
9591
25978
1403
1407
26176
17794
24870
3593
9993
25996
25998
17807
9616
1425
26004
238
15217
17828
1606
9639
9643
9647
17843
26038
26039
9656
9659
26048
17864
26058
1613
1488
26065
17874
1493
18668
26088
26092
9710
1520
26098
9715
17911
9722
8448
17923
17782
9735
9736
1545
17932
26127
9755
26141
9763
17956
9765
9774
17968
1588
9785
17979
26181
9800
17997
26190
18000
1620
16148
18008
272
9829
23241
18030
18034
1656
1658
11199
1660
23488
18051
9862
1672
1674
8471
9869
17683
18065
1685
281
1694
9889
8475
9892
18088
1711
9907
18102
18109
1653
1728
4422
1736
1149
9937
9943
23503
18140
18143
11141
1765
9606
9964
9974
18174
18185
18193
22147
10004
15321
1817
23514
18208
1829
10022
18215
18222
1839
1840
18225
18227
10039
1854
309
1858
10055
10056
10062
18256
1877
18271
10081
18276
13702
1896
6337
18286
10096
4868
1908
23529
18297
1914
8511
10113
10117
18314
10130
1941
24615
18331
24888
18337
1958
10153
122
20808
19433
18365
18370
18373
1995
1997
1699
19707
2009
18396
18397
21344
12615
10211
18408
18415
13992
19957
2042
10235
2044
2047
10243
5251
18443
16728
18453
2072
18095
10268
16730
2085
2087
18487
18488
5812
2115
2116
10310
2133
2142
2144
10338
10346
2155
18540
10350
2169
1727
9074
16747
2182
2185
10381
2190
365
2193
18579
2200
18585
2202
18587
25442
18592
2212
10406
18600
2222
18612
18613
12660
10427
18621
2239
2249
2250
2255
18648
18649
10458
22224
10476
10477
2287
6350
18676
10490
18685
2303
10496
2306
10500
385
4483
2326
18719
2338
18723
10539
10543
18736
18739
10549
10550
18743
10555
24970
18751
2368
10564
18757
18771
18778
12687
10588
10590
2404
10597
10600
2410
11325
14265
2420
10615
10623
3136
7719
2443
2449
2452
2457
10652
10656
2465
12701
18866
18870
2490
18875
18879
2501
18894
2511
1989
10711
18904
2526
10719
2530
20902
10726
2535
2536
18924
2556
2560
2568
10762
10765
18970
18971
2591
24841
10791
2607
10801
2611
23647
2620
13999
2623
10819
19012
2630
23649
19022
14093
17546
10841
7726
2654
2661
19048
19059
10871
19562
10878
8641
19081
19084
10895
19089
12739
19093
2710
19101
19568
19107
4550
19114
10923
10926
10931
2741
10942
2752
2754
19140
19144
2761
10956
19150
2770
2771
24097
10966
19159
19161
19164
2789
10983
19179
2797
10024
17824
10996
18217
11009
11011
19204
2823
19208
2826
19216
11026
11030
8666
2846
1841
11052
11053
19246
2870
22324
11077
11082
18231
24101
10041
11102
7096
2912
19297
11107
11112
19314
19316
11132
22466
2949
2952
492
11148
2959
6918
19351
23558
5957
2980
11175
23708
11182
2993
14153
11194
19387
3006
19404
16888
11223
3032
19423
11233
3048
11241
3052
4466
3055
9649
19442
19444
19446
3066
3076
19462
19463
11275
11284
3096
3099
11293
19489
19493
3113
19501
9924
11318
19517
11328
8715
19527
19545
3164
13199
8721
3178
11372
23741
11379
19573
3193
19580
19586
3204
11400
11402
8727
19603
19607
11416
19612
11461
19624
11442
11445
11447
19640
19645
3265
11464
19657
3655
11472
547
6009
19675
19678
11490
3310
19697
3283
3323
11522
19723
3345
19738
19741
11557
3372
19677
3377
3386
3387
19781
19682
19791
3409
11602
23300
11607
11609
3418
11621
3430
19687
11630
3441
3442
15678
8768
4673
3466
11661
11662
357
11502
11670
19865
19870
19877
19879
19880
25159
3501
3502
11696
19890
19900
11712
3534
19922
19923
11733
19927
7479
3547
19932
19936
11746
19939
18122
3561
19954
19955
19961
19964
4211
19974
11785
3595
19992
11801
20000
3618
20003
20014
11824
10163
20030
11840
20033
3651
3652
3653
4705
20046
20052
20059
3677
20062
11876
11537
8807
1981
11891
11902
20100
3719
20108
3725
11919
3731
20116
20122
3743
20129
20148
3765
3766
11964
11967
20168
18381
20182
20184
3804
3811
3814
3820
20207
12016
25215
3839
12032
12034
3843
12040
3858
20243
12053
20250
3872
12066
3877
12070
12074
23858
22493
3890
7475
12085
21130
12101
18952
3916
20303
20305
3922
2243
12118
20315
20316
3937
12130
3939
12135
12141
3953
12165
3977
20373
20375
9025
12187
3996
20391
11591
4013
5862
12212
20424
20427
20432
12247
4773
11811
12262
12266
12268
4080
11047
11604
12286
4102
4104
4106
4115
12308
12311
6411
4125
20511
12324
2054
4139
4141
12334
4143
4146
20532
20534
19808
4164
20552
25271
12365
4774
20562
4180
1776
20574
7525
20576
12386
4195
4199
20587
20595
12406
12411
12414
20613
12423
12425
4241
8669
20635
4255
4258
20644
12460
4273
4275
20660
20662
12472
192
12478
4288
4298
20683
12492
4302
19014
12496
12503
12507
14374
22233
20716
13010
21203
4351
12545
4354
4355
12551
12553
4364
25304
4371
6190
4376
4377
20765
20774
20332
12587
20780
20787
12599
12606
4416
12611
12612
4425
4431
12627
18042
4442
20827
4446
4458
12654
20850
12659
20853
4472
12675
12678
4488
4490
4493
20879
17134
7515
20892
7578
4511
4512
4513
4515
12710
4525
12720
12722
20924
12733
12735
20934
20940
18511
4575
4588
12781
12786
12788
18517
12802
12806
8705
4624
21012
4632
4639
21030
12842
12851
21048
21051
25354
12874
21075
12884
12885
4697
4703
21089
4713
21100
4724
4727
12927
12928
12930
21125
4743
12938
4748
3522
10251
4755
18543
4765
4771
12968
4777
21162
4782
12980
24009
4793
21178
4798
2165
17345
15163
21195
4814
13008
4825
13026
21220
161
4846
8072
13056
13060
13067
24713
21436
4896
21281
21287
13096
7645
10376
21309
851
21321
21324
13142
4952
10383
13153
13164
15714
17600
4975
23383
13174
4989
832
4834
21379
13190
10532
20328
13196
21389
13205
21401
25496
21407
21409
13220
18444
22320
21432
15171
6442
5052
25419
6305
5065
21450
5067
8625
9038
5078
21466
13276
13282
13283
5107
21495
5116
21508
13319
13322
5131
13325
5134
13328
13333
13346
5156
21543
13352
5164
5172
5175
13369
13371
5181
7265
13384
5194
21583
18995
5209
5210
23084
5212
18619
21608
5225
22815
21621
25543
5240
21629
5259
21646
5266
13469
21665
5287
13480
13482
882
5302
18633
21695
20002
21710
13520
14542
21718
21723
5346
5352
5353
13556
5367
21754
17280
5385
21771
15917
21776
10456
3630
11823
13597
5407
3632
5412
21798
21800
13614
5425
21815
5434
13628
21824
5441
13635
21832
13647
13649
21847
5464
13659
5468
21853
13664
21860
21861
13673
5488
12458
20664
5503
5510
5639
13711
13712
13714
21910
5529
5541
21930
13740
9732
5555
13749
21943
21944
5564
8369
5578
21968
15189
5597
5605
5608
13801
21994
13813
9189
5629
11861
22028
13837
941
22032
13847
5656
22046
13859
5668
5673
22074
5695
22082
22083
1008
5712
15971
22100
5717
22108
13929
5738
5739
22144
13955
5767
5771
8549
5773
13966
5787
22177
13989
22184
13995
22188
5807
14003
22197
14007
5825
14020
12742
5835
14033
5848
22242
14051
14067
22265
22269
14078
22275
14089
14090
22284
5901
14094
14102
3716
22299
14123
5934
22319
14128
22321
18741
22336
5953
14149
5960
14157
6456
14165
22366
22369
14181
22376
5993
22393
6012
6023
20119
6030
22415
6033
22421
22423
22426
6056
6064
21491
1293
22457
6076
6077
22462
22463
22476
11114
6094
22483
16570
22497
14308
22504
17935
22523
22527
14337
14340
6154
6156
6158
14351
205
14357
22555
6172
2394
14369
14370
6179
14372
14373
6183
14379
22574
18782
22879
5130
14403
22598
22601
6218
22610
14419
14424
18788
22618
14430
6503
22644
2409
6264
6271
6280
15227
6288
14485
6301
22691
14502
22699
6317
14512
22899
12213
25631
22719
6340
22725
14534
22903
14540
22741
14552
6364
20567
22758
6375
6388
22778
22779
5162
22790
14599
6408
22793
22798
6421
22806
14615
6427
9264
6434
14627
22826
6443
14638
22834
22837
14647
14648
13364
6465
6468
14661
14667
6482
8672
12491
3812
22876
6494
24293
19980
14690
24294
22887
24295
9764
6512
14707
14709
14710
6524
6525
6529
22917
6538
6543
6544
22937
14746
6558
3824
22951
18920
14766
6575
14770
22966
6583
22975
22979
22989
6610
6611
14807
14808
8391
14818
6628
6222
6638
14834
6648
23038
6666
14864
14865
6675
14870
14767
23068
14886
13404
6700
23107
6724
23110
23114
14924
13411
14932
14933
23134
14952
23146
23149
23151
12051
6774
14967
14969
14976
8774
23186
6804
6808
15003
6813
15006
15010
23204
6823
6824
23214
3228
6838
23233
6857
23246
6868
23256
15066
15081
6891
6892
6896
18899
6904
6907
23293
23297
1594
15108
25729
23306
3231
6934
6941
6944
15144
15145
15148
23344
6963
15159
6506
15170
23363
15182
15184
23382
7007
23394
15205
25875
23403
21650
7023
17419
23417
23423
23424
7042
15235
7045
7046
7050
5271
15244
15245
15246
23441
15258
23452
7069
3909
23458
22901
11231
23470
7087
23481
23485
7105
15300
15305
15311
14840
23506
7125
23511
23513
15325
18940
17575
24402
7154
18942
15353
18943
15357
23552
23555
15365
15372
2562
7188
15383
23576
23577
7194
17583
7197
17584
15395
7204
3594
7878
15516
15413
15414
17124
23614
23051
23620
17015
15435
23628
7245
23637
15455
7264
15457
16231
7277
23665
15477
23674
3516
23681
15495
7307
23693
7311
14872
7317
7324
23710
23712
23713
23720
23723
15793
15538
17157
7350
7355
7357
15552
23751
15562
24439
15568
15571
7383
23770
15580
15582
15585
9248
18983
15608
23805
15614
23809
13526
23161
7442
7444
7446
7447
7450
23836
24453
23841
7459
7463
15659
23855
15664
23864
23870
23093
15682
15683
25582
23880
23883
15695
7504
1341
23896
15708
7522
23907
7524
23915
7533
23918
21927
7541
7546
1258
23939
23943
23946
7563
15770
15528
23967
15784
13619
19015
23986
5363
15799
17984
20383
15805
7615
24001
13558
15814
15816
6732
15821
7635
15829
24023
6735
24029
7650
19895
15846
15850
1278
24057
1281
15880
7689
15891
7712
7716
7717
15911
7725
24110
24121
15931
15933
24126
15935
17443
15941
15951
15959
7768
7774
5392
24183
7801
7802
15998
15999
7625
16006
24199
19705
16010
16013
24207
7824
24210
16020
7829
16022
24220
16032
7844
16039
16041
4353
7853
24240
6708
16056
1353
12235
7877
7882
24270
24271
16083
7893
7899
16101
16102
7911
16106
16115
26178
7926
16123
7935
16128
16131
24330
7956
21806
16154
16159
16162
8155
14983
16174
7985
24371
7991
24385
8161
24398
13624
16210
4068
24412
8031
8045
24431
8049
16584
8063
16258
8067
19378
16264
16270
8079
16274
17731
16280
24474
24477
24479
24489
15005
8116
16310
7090
8128
16324
8134
21931
8184
8151
8153
16347
19109
16352
8187
16357
24559
16368
8177
20478
24568