9207 15321
12611 22
19612 19501
930 9710
6288 16123
12268 19423
7307 19682
12806 13371
3136 12553
9264 21806
24955 18668
20780 12386
5156 20716
12788 1356
11823 11964
15003 18174
23943 19462
6963 8365
20576 3099
4697 12425
16765 13276
12040 12135
18971 12165
10801 8312
7087 16131
9360 17546
5134 1058
18970 8375
3164 17113
18940 215
16032 23907
15951 8408
20574 9892
2465 24718
18924 1023
6941 113
11861 18034
6610 19682
25439 18736
12212 16433
20108 11400
20122 12938
24097 8155
5717 13322
17280 12070
24932 299
13174 2144
8669 5464
25060 12212
11967 3164
11030 934
13597 23351
178 12851
12927 16414
8280 13624
1941 9090
7829 9038
19741 19877
22476 22284
573 24614
15911 4575
16881 11141
21436 4135
2222 7893
8851 9937
12885 23363
23481 2511
16154 18297
7324 11785
12247 17794
3719 14599
25543 13859
10041 21409
11442 1711
6076 1074
19738 4814
19927 6907
22497 23297
17536 9606
24001 7515
9397 13153
11047 4793
25086 15846
888 2193
4703 7824
25271 9124
18444 14661
20532 23710
14485 8705
15814 14872
19573 19961
14157 22903
19865 10895
25408 6838
8857 2452
13711 491
18940 3939
3441 24009
13369 24835
17250 22299
24199 13190
8666 12070
16640 896
24970 15144
17782 19089
2526 6610
16611 2826
10458 14485
25006 26039
9907 20716
9341 10871
5488 6830
3561 24696
1343 5629
10383 19022
25864 10117
5271 4765
25562 3386
1341 18271
13060 5629
22879 1711
17670 21130
7013 4798
12615 15538
14808 23741
13322 4458
11241 16162
6023 9021
7264 10926
23751 5541
16817 16565
8768 19607
20129 7541
6611 351
18612 8972
6971 13164
19444 2409
6222 12885
16754 17189
3283 25978
23915 6896
10871 5695
17688 16154
19109 5407
2155 3843
15784 11502
639 4896
16640 15245
11604 23151
24023 3032
24121 5639
26178 21432
16765 12545
4727 495
1425 18778
10597 22834
15784 13325
2255 18443
21024 15365
19573 20207
21287 4146
2338 2980
11275 122
15998 17124
10652 18741
22284 13989
12311 18008
15005 22779
25582 7357
8807 13995
12587 5164
1839 1356
23458 11621
23513 6708
16352 11052
22834 12492
25777 6030
22082 20000
19781 5412
17228 14707
3595 2774
10004 21162
15951 22423
2630 25937
21075 14485
9649 17670
19324 1116
13325 19675
25189 16154
22899 21030
21379 4782
3099 2202
231 22336
14337 23417
10055 17683
20562 12553
16754 8701
20100 13813
3228 4164
12262 16708
8774 2042
20003 26058
3265 4490
26196 4774
13955 14818
4727 20184
25678 2044
25931 23110
24578 7824
5862 20000
23204 21998
8774 2239
14078 5156
7546 5564
4483 18940
17228 1090
11107 15357
7802 9037
19992 17543
18579 2562
8968 25875
22979 1293
20168 22466
21943 4139
20184 7726
21195 24718
882 23470
1736 17807
23093 17688
8128 1000
16563 18940
9616 7023
21994 20576
9964 14351
9341 19992
18540 4814
14340 14690
15081 13164
5825 3652
7645 6774
1877 23503
1493 1660
14308 19423
17419 345
18633 16882
25758 23883
16570 22457
2042 7096
25553 3377
12458 5181
1588 6434
24271 10024
16310 2338
9800 4975
1258 4624
14667 6494
6364 12135
10496 19580
2239 5468
4550 23665
12365 21432
19446 16433
14102 18600
7277 22032
24601 17149
18540 3006
16728 6183
23241 7911
14020 9124
15066 11472
16083 10926
1672 23256
7479 5673
12365 1672
4798 14667
11284 192
17750 25271
5175 593
17655 9643
3655 1281
15580 1078
18904 24431
14976 8184
14051 22336
14770 25359
14710 18314
20424 25271
21130 12545
3265 369
25553 16505
1028 5738
18585 11293
9639 4515
23713 2072
23576 18000
4286 22699
1606 12130
3323 192
11026 9313
1008 4354
21695 7801
25864 25346
17819 24330
4989 18788
4724 24835
25948 16708
12612 22265
238 19675
8774 5901
23403 19562
15258 18633
8177 2591
17233 14870
16415 15126
18971 5251
2255 6408
19900 2980
7459 2620
18095 17932
12678 26098
15159 23967
18600 24781
3136 7926
23458 11223
8177 6337
14128 24860
4513 20182
20827 4355
22144 16754
4724 23693
12414 6030
12085 18870
20567 17935
23946 15580
23665 13619
9579 9964
26098 15552
8669 3561
12938 11464
1981 23681
18952 9974
3228 15144
10600 1989
19048 21994
23555 3820
23452 12458
22147 615
6337 12492
1229 20587
12884 22318
9993 12735
19738 357
17233 2773
1151 15664
23241 19645
9656 13404
3996 13282
16056 21543
16148 15911
10871 6611
4354 25139
19351 3731
21798 14370
15571 5425
22523 7307
12701 6830
14807 17828
18866 10590
10456 23503
385 25569
19890 18140
19246 16414
2773 18940
9241 14419
21409 19501
727 743
10113 547
19705 1685
7515 19808
18904 18140
3534 950
4466 3820
7355 11630
20827 9659
13966 15010
8372 20168
20902 18215
18879 17268
1914 10477
24616 21800
3231 18723
19114 5787
18736 21203
5116 3593
11026 10791
2404 10656
21776 22299
21848 13556
4846 5385
351 20780
13702 22415
8801 260
12051 20148
832 23151
299 17692
2239 16543
13847 20108
25006 13142
7578 20644
17379 9732
9189 78
13404 22242
1078 12938
11175 24270
4793 15999
6813 17304
10711 15311
1896 5597
12553 9360
4302 8161
16231 9184
25435 25631
21051 25996
14840 8916
2993 14512
24110 22483
4697 11840
7459 24023
5608 10726
2394 18185
11746 727
19340 3719
2185 320
6280 18778
19580 882
22233 1403
8312 13619
10791 25996
15413 2752
5629 14340
9606 19586
19678 18924
1672 14373
23114 21931
25111 16674
4371 15457
18870 13164
25034 17751
25354 13010
12551 6512
23741 22100
12710 6154
5194 14818
18633 18095
22197 25541
1293 13008
10711 13364
14512 13837
10765 9432
1186 16906
364 19144
25442 10350
8312 15552
21994 17603
16598 14157
7245 14157
9616 19048
14534 10081
5862 24593
7524 2560
9659 10590
3814 5065
23710 11967
19433 3811
9735 5468
6280 15305
11604 3595
20129 18970
9255 9829
25607 4639
7926 6456
2190 19527
7615 18217
23383 2165
15582 16570
24819 10926
8669 24706
6857 8375
4211 23665
19573 3651
21806 2591
12051 8128
23674 18970
18143 8335
7277 22951
23134 15182
4774 14540
10923 24819
7716 11009
396 12040
21815 13831
24617 3632
23713 2490
22601 16159
17538 9593
13847 1044
21432 26
2452 16469
26058 2630
16324 9774
13989 19462
3164 18788
5957 4068
11891 6575
4868 22366
14369 4472
25287 11275
9629 14952
1023 2826
3387 6971
19114 13712
14690 13352
12968 7194
15244 24705
7197 19012
2912 3743
22555 17688
13712 7844
24860 25910
19865 24924
1858 7096
23458 15189
547 11696
15010 4302
5181 12551
4493 4013
21495 5212
25996 17419
17501 25316
8063 6023
6190 8369
14667 7893
1672 22
882 15931
7911 10055
14924 19463
17968 25610
20207 17086
12659 10056
17538 10055
4458 10163
21491 9593
8312 17124
19351 16414
10477 16231
23858 19723
9450 13989
21853 3595
2303 7882
25034 10235
12141 15227
25516 11318
20148 12141
4743 19865
12453 18870
13190 2144
15171 10458
18904 22100
20574 22876
11502 17750
7324 18140
22318 25139
1563 9027
19462 7442
16584 4258
15552 21910
25496 9038
22108 17268
5464 4624
14308 23555
10096 1493
5385 16083
4697 25565
21409 21806
5993 2526
11824 22108
3066 12130
7007 15227
16128 10841
19568 11840
22790 22082
214 19324
8446 15850
6774 7459
9572 12213
11891 15528
23708 22393
1373 17124
23529 14374
22462 22598
2368 3632
4255 25758
6427 23809
22284 23693
5107 811
6638 6904
26141 13664
6222 5848
5468 17808
15850 3377
11009 11379
18396 17379
12423 25543
17273 24888
20511 495
20424 16640
15664 12386
5673 22108
14093 15126
22265 19150
25916 23110
4727 15608
21930 17286
26141 3743
4673 23552
8312 12733
24706 45
17157 24593
10801 22979
6824 22051
26058 17178
3651 24559
10427 25541
7105 10004
23297 17807
13153 13556
7802 18000
10656 6963
10878 1339
8386 14357
15678 15695
11148 14924
9937 9450
25419 11077
16553 2591
20595 5812
15305 14265
16654 21100
1172 7479
14840 9017
21847 23946
24814 2306
25346 3872
12070 365
9074 20587
15829 2047
7717 14976
16357 4575
25354 22242
17015 8049
2710 4371
21344 20328
23858 6732
4774 6611
19808 14661
22336 25442
11148 4834
12070 9889
23558 7311
16231 6538
23896 6543
25554 16414
12503 25902
9397 15935
9432 23146
12930 16778
15455 13010
4139 9722
19707 20250
17932 21825
25783 11621
23939 1694
14165 19808
21436 4376
1281 937
21012 6857
10871 5488
16347 12687
5519 16368
1229 8579
21324 25607
21407 12212
13556 26196
11964 23485
19089 22463
11442 16976
1343 11231
17670 6442
19314 192
14165 7479
10532 16754
23351 15708
22719 13404
4550 2222
21968 12627
14369 21508
12118 14864
19404 24718
3651 20000
11047 16393
3204 10004
24861 15372
7450 1074
3099 14808
20119 10211
26019 24
19586 24833
5212 21075
10350 193
18487 13955
20052 22899
23555 23628
18453 17731
25557 24819
19316 18585
4793 8349
23233 25783
3178 1727
9943 12612
20000 25159
17932 24330
18633 2654
24601 6774
10338 2611
14661 12928
9066 9643
5597 11811
22366 4422
4525 25053
1839 11400
13480 22321
9037 8978
24220 3441
23770 13712
5993 9127
25678 6838
4724 18122
1267 15959
25102 9869
19081 20567
6544 23883
15659 5960
13558 9591
1186 18225
18208 26127
25439 238
11609 22699
22366 20000
17285 23836
22826 10532
19324 10549
25554 14372
16563 8801
6064 8067
22233 7726
19964 6648
22523 17750
24385 6012
21621 18030
15933 18231
14976 5848
14840 25189
24023 18633
4115 11630
11630 18719
12411 10543
45 351
6904 17280
24295 9755
19093 6468
8862 3430
12551 2054
7096 19423
6857 6774
22937 22083
15414 15941
12720 21776
13153 16906
6443 23907
25172 10153
2085 17543
8224 21436
12478 9732
16651 12599
11416 19678
26039 5302
6468 1074
3387 13702
941 23836
16888 6411
3265 16754
369 19089
22899 16280
2773 10550
17721 10726
141 11112
11621 1321
17359 21220
5787 16415
492 1124
7768 7650
16778 9432
1074 15614
25957 16589
20902 10923
13067 13749
23300 7899
192 24932
12074 24814
19580 6033
1941 16694
18619 22108
13847 21806
19022 19870
17266 22082
22815 3618
4106 16703
5266 25080
24210 5825
1606 7774
2770 4180
8195 10926
10039 13673
25553 727
22476 1124
25304 14102
15683 11402
24559 4639
6154 7463
7317 11403
13614 13010
12627 17330
25086 3442
11712 1341
11662 7447
15816 16717
23693 1078
4493 19580
9255 8768
7802 13404
9249 78
19462 25316
19314 13619
12070 23896
4068 11114
23394 369
140 22903
16575 6538
26088 7007
24616 17268
6009 20168
11785 23614
15372 17022
10983 25875
5993 5266
10966 2591
15245 7882
25201 9862
13205 21665
21723 5287
23723 15821
9439 10376
11733 15568
13067 17304
24477 24713
2952 25698
20574 1667
7442 19501
7357 11447
12806 8116
21646 1172
14051 25553
22758 23712
23297 23864
20613 200
17006 15571
7726 8579
19922 5363
22483 492
1058 7802
15217 19314
2752 23577
7096 4199
10623 16589
18621 13929
25286 16728
5597 23710
24240 8715
6558 11876
25554 10383
9572 25777
937 1000
18579 17038
2169 260
11223 11557
13597 6494
12928 1151
13966 23256
11442 15003
19404 14969
19890 24023
13831 22917
24601 7893
2452 24696
9208 3387
18444 4199
23986 16570
7479 13749
18743 1728
20664 10983
21771 22197
2980 10427
15917 7522
20683 6264
8280 16498
17819 12788
13480 1028
11275 17721
2568 23858
17443 7911
16102 21800
19880 1728
25402 15189
3804 10381
16778 9327
22989 5065
5266 19324
12165 19562
12606 3677
17764 21178
13482 6375
12599 11233
5363 13096
2249 19678
21321 24706
6443 23809
18331 19216
18256 18899
14340 16565
24615 6421
12051 19945
17472 2420
1149 12742
18215 5209
7716 3811
492 12118
1028 5564
6264 11011
7311 6544
13369 7204
15614 15245
16174 12411
2042 5052
6154 2420
10163 4258
7893 3653
365 10500
7045 19297
20052 2949
2661 10081
5555 5464
11967 6941
25159 15931
17603 2047
10532 18676
3534 4483
13647 2797
3719 25086
14153 8153
5825 17280
16747 17038
5597 8045
8801 6222
3345 14864
2404 4125
16741 15880
25660 23186
3877 15516
3164 17472
21024 10477
8446 4488
9869 8916
364 19316
15244 16722
11402 17038
21324 1116
24781 12786
24371 13859
6317 7853
15891 1356
14003 2535
10711 26196
10406 18314
8128 12311
14647 2190
15477 23458
7442 26141
4258 743
11621 14615
4868 21178
23300 8049
11328 9647
11876 22108
21968 10765
24183 17546
25516 19879
13384 8978
19640 7479
15770 12286
22466 21861
15457 19697
17273 23513
19607 2115
20052 10211
934 8298
16280 16717
6301 24706
6611 13369
20683 23712
743 12884
21776 5302
21927 12235
23246 11604
11461 14983
2404 1829
17172 6823
2630 22393
3839 13740
22806 15066
10549 3283
11148 13813
20478 5107
17665 22741
26141 25189
11400 27
7911 9649
9020 3651
7522 5564
12788 6280
22504 10555
21409 3731
5629 26178
9907 7444
17015 7645
20574 20635
24398 6154
18215 23417
1520 11902
9397 3442
6808 16357
14808 12733
12453 2394
12478 4703
3916 4703
23880 10539
24474 14373
14710 3977
12491 12722
16594 19114
13153 25201
18217 6675
3418 18511
9710 9511
17543 214
365 6638
17923 13989
15891 17808
4466 18051
12460 13837
6033 22224
3922 24439
8517 7277
11712 17683
21030 18943
385 9037
22177 2980
16148 24885
15829 9647
22815 17670
16429 22108
19012 11811
8475 5848
8408 22989
10656 10726
20305 4771
9325 26098
6301 6524
17330 23576
25910 17626
15880 9030
18676 930
23986 17655
21321 19687
17580 18095
23204 25902
676 2511
22457 14357
20184 12980
18739 20827
369 365
15495 16352
11447 5367
18943 6675
2200 2287
8579 23529
185 16727
19678 25435
9327 25408
25777 21646
12460 2115
1840 16131
2560 214
24932 18743
12247 1841
15714 9715
5957 3430
14710 25648
16433 19316
13859 6638
4104 14340
12553 9283
2452 17443
19964 2754
10039 9283
8177 18970
18983 113
934 22224
832 7563
22275 20391
23110 2404
6524 5605
9785 7475
5078 4164
19675 2306
4697 2054
11472 9397
6700 18648
23712 23513
7307 882
9765 21853
18042 2169
4180 14840
20030 19879
20303 22876
8475 11442
17116 4102
9639 309
12334 3193
14403 23506
17304 25286
7450 25910
14552 2190
21508 11175
7450 25215
24431 11447
19316 20574
25053 1877
15126 14149
9591 14265
14807 8916
14976 19923
12460 21100
6012 25910
19607 11175
8187 4143
24841 12587
19939 4275
1672 16433
26141 14094
4868 7689
11112 22793
25172 5468
20595 19089
3052 14165
12654 244
26 11733
20250 21450
22901 3522
7446 13220
17189 11403
23552 4302
9283 20644
18924 23441
22083 15495
10765 18109
16728 6443
21910 3561
4765 3006
22242 14149
24713 25271
17189 20940
16415 7277
18102 17266
4425 9127
17721 23628
11402 10711
14424 3977
2085 5156
8471 25102
1058 22275
14870 10476
365 17113
16270 11194
4273 15891
16817 8049
22806 1493
16570 3066
2770 24295
5156 8177
2250 8155
19493 11233
2823 25937
24814 17536
14534 12040
3655 2116
2190 21089
8721 5156
811 1877
13384 888
1711 6892
24121 17501
4588 12262
482 4258
13859 19093
12551 23114
25540 25086
17113 1234
7450 6611
20119 12165
4713 15413
26193 6963
15081 22275
15066 4458
22100 15258
4354 8511
15568 13
4355 12968
15538 4632
26004 6648
23458 15395
12268 15552
23241 6724
9785 23214
231 23723
1520 2846
1403 24402
13702 18668
22966 20924
20683 19161
21024 16032
4774 22393
7546 894
8391 7716
20014 7719
7442 21409
8715 11015
22476 15571
8134 20683
12742 2620
19954 16352
16020 19741
12032 2770
4139 1028
6638 3032
10117 14647
23723 2536
1699 1989
4490 10427
2287 12213
18543 1090
1914 2212
23943 18215
19387 495
18174 18030
21629 4425
7578 385
23770 19378
10652 23485
12365 3409
19707 16414
10153 6288
10841 3824
13482 17580
10931 22876
19444 18215
16717 18095
15664 339
11964 8517
13712 19705
2165 25289
2155 6708
4814 22826
9649 23351
20108 21800
9208 8031
7050 12687
4512 2338
15311 4351
13026 17379
16274 13333
24861 20532
18208 16728
16931 2306
11379 5425
14667 25108
309 6271
21162 21848
8372 8786
14351 15357
14924 4371
21815 9511
15821 9450
5541 12701
17738 21718
19974 8116
18276 10711
5953 24271
11840 141
9207 25910
4525 6666
14374 8503
4588 2980
15477 8155
15457 16568
23986 4490
17187 20780
950 20328
1839 18649
5181 24270
14767 5488
128 4013
16010 23880
8128 10130
12781 128
593 6503
14370 17113
8968 22815
9491 11621
18122 8579
13371 22601
13649 4639
8541 15580
17874 1339
7689 22523
6934 20062
15205 15321
1588 2410
24614 24207
4106 215
26088 13526
14615 23424
21287 11052
22457 15311
18415 24385
24955 25053
9606 5464
19493 14872
3522 15799
9082 3442
16264 5773
13664 2770
9439 2212
12458 15184
8224 25080
2607 6056
2085 24835
21910 5434
22574 482
17543 10055
14770 18331
19675 22497
8503 7853
1667 5385
1234 25359
9038 6494
13837 24199
14165 7154
15821 14807
1186 2761
6724 10477
7317 1667
22497 20243
24559 492
3204 8335
4164 18870
1914 10801
11275 9616
19741 5353
11402 11490
8049 9964
15559 23809
5131 20243
15455 12884
4488 16674
18757 23939
3377 13328
13411 17688
24431 19462
15941 21089
24696 18649
272 11275
15413 5629
25034 23488
6700 25902
18757 9327
3630 18365
13282 22275
25271 11416
5209 3441
17116 22493
25931 1339
11811 9943
25562 14599
178 1711
10711 5164
23051 17472
1090 3877
24220 15559
16765 2754
18920 6529
15235 1172
9736 25480
16039 3561
24126 14033
5130 20129
8408 7625
18381 9763
1563 18271
5787 495
21815 21321
9656 5771
12733 15383
4288 1044
16730 22197
853 17536
15659 13026
17178 1896
639 16310
18619 17665
11400 24762
10056 2222
2870 13482
500 25080
2741 22074
13831 18879
11442 396
23770 10096
13369 22457
482 24439
13096 20552
21432 2250
14157 26181
24870 10350
1817 13056
23693 2526
18613 12735
14746 19675
23481 9471
17819 11591
7245 12551
9249 7265
15998 19208
22275 21860
1014 25111
11275 14020
23552 4713
22466 5065
18453 17419
12781 4777
23855 3922
1914 1858
24474 19957
24722 6340
17414 19297
16264 4743
12851 11591
1606 7829
23637 19955
22826 3651
6421 62
9774 18051
10235 17189
615 18042
21550 16611
1404 20432
7524 7645
2654 8807
5162 17345
7935 18875
12786 5901
22028 934
7515 20243
18685 11447
18511 12085
21776 3430
4013 20116
13369 10024
3204 14648
17233 8721
2404 15562
4273 23713
7911 11447
12802 20424
5812 5862
23214 7194
10762 18381
7504 18771
6648 1653
20924 14818
24753 22951
3977 2870
10956 5960
4782 10310
1373 6538
24705 21344
3372 11967
2980 3996
11696 13352
10243 21608
13628 2222
93 8403
6456 18970
24705 2870
20391 24870
23186 15793
2823 18000
22423 22421
14403 13142
10942 16703
12786 161
21089 7985
6830 7265
4588 6512
23943 18739
13199 10406
1858 15708
10983 14767
8151 9869
19404 20780
5271 5164
2410 13008
4512 1267
3442 4241
26141 9432
10931 9255
5629 7774
25201 18271
1941 21075
8641 17194
7768 22144
17306 9020
1151 1293
12324 369
4442 19657
46 14865
26141 17807
3916 19895
1217 22504
22018 9341
6963 22610
23720 4834
20000 18920
1488 24489
12781 16258
16570 9458
2449 1078
12308 6494
21847 2752
6503 17038
4104 17306
12545 1981
14952 25516
13371 7829
12492 4673
9993 19741
22903 1281
19150 3651
14766 9774
24960 1321
18543 12423
22806 22901
15258 22299
950 5510
23514 4080
22284 15455
8187 17923
15538 9522
9017 6465
9907 16521
3766 23809
20332 23485
12453 23870
10477 13702
6575 894
6264 10623
16994 25836
2449 26176
14090 5210
7459 1674
15880 9327
8669 3872
17979 22601
9482 23470
23458 26141
18983 491
4952 25215
8641 19612
12587 24841
18619 9030
4288 9639
5621 11052
205 11077
9829 10496
88 20774
5597 1563
10055 13813
11824 23038
15917 9974
12587 18297
12247 9735
9264 9143
20587 16747
914 24841
24220 16565
21030 18899
16393 21847
14707 19493
14502 7882
19140 4525
12938 20315
9090 24615
11502 3765
8666 9397
26058 8375
12930 9241
17828 351
16589 45
21089 10243
19877 8768
5065 13859
19545 16817
16882 16174
15184 7154
7524 3231
14033 22197
17935 9491
18995 23918
11199 6421
16594 13190
3977 22887
7689 16674
21100 22320
9572 26098
11231 3953
21650 2072
11490 13831
10996 5519
396 6411
23864 10041
8851 3922
22779 9248
6218 15300
17273 12781
4703 22899
21491 14807
11047 14153
8727 20383
6056 18751
13190 9482
15173 10350
17187 15244
20562 773
19624 15163
17603 13801
14933 3066
22719 21401
22144 12627
12980 3618
20613 1839
7515 6891
15325 23946
8177 14770
16543 8541
12212 1321
11607 17979
16174 16651
21344 23841
19678 17935
16921 9774
13346 12968
15891 23481
6179 1149
15003 18736
18222 23918
11293 25034
5655 20850
8184 22493
11609 3719
5164 19741
20478 3725
16505 5901
11876 7878
20574 23770
18600 24885
4106 615
23693 11591
4258 10268
18600 25582
14089 6538
4515 21125
6824 17268
13196 10243
18517 7504
17280 18370
4355 16640
19607 25050
23741 16020
8151 14370
10996 4488
14003 8721
19955 23351
128 14967
2912 309
21608 12654
7726 2287
1074 15971
5901 2116
25159 1776
18511 2457
22790 15081
19093 2044
7893 24888
6408 11461
24121 23741
26058 11011
21825 2536
22184 21815
11746 17731
13801 17359
19114 12266
4288 8161
24932 17233
23458 9722
15911 14924
10251 24371
3594 78
23186 20683
21281 7878
9579 15159
22366 23552
23693 4755
24601 6638
23084 14840
7926 18579
10926 6823
25215 15357
1995 19433
24924 7824
13740 16888
7023 22369
24861 3522
11293 15311
12553 25205
7096 1699
9241 16429
11602 7459
1613 6824
22790 1672
19645 4466
10310 6891
9313 8151
8721 14379
7768 25189
13556 2185
2155 19791
26038 23552
16967 24220
13664 14967
18751 19961
25080 15608
2846 12070
9025 17681
12070 15171
7069 185
5488 21798
20787 10762
272 5259
15144 21409
8261 2536
9127 1995
19791 14512
20000 9433
23939 3766
22177 23967
1877 15805
16931 21994
15413 10623
7504 950
3632 15516
14667 6675
23256 14424
24888 6156
20660 5065
23351 13026
5367 17968
23880 7625
24960 25610
1341 3283
15585 3996
24615 4782
8375 16553
24009 10532
19895 205
9889 15066
13364 11733
23907 14746
25948 11712
7450 14424
17997 25758
13929 6030
1339 27
9264 25402
12788 2255
6543 23907
547 24126
13196 12334
23693 21162
7350 13422
22903 8727
19216 5717
2952 19179
1217 19093
7277 23986
16115 19527
2846 21100
24293 7899
11284 18185
19781 2144
19624 15010
18000 12884
18143 23693
4493 25139
15144 8517
1090 12266
22618 21723
2774 17453
25209 10819
8612 19501
22901 16498
10376 10543
18042 16589
1854 13649
8625 25875
15357 22837
20383 24589
24589 22834
7023 3386
5712 482
215 4143
12660 6222
20567 11328
9647 10163
17304 13999
7712 13647
15184 12545
12458 5425
14707 23870
3032 5555
10476 18942
18008 12675
8715 26098
5266 16414
16162 12701
20934 4525
25611 22320
5812 7645
23038 8031
8768 3386
4639 25209
1896 25910
9397 10130
5655 12802
17233 5673
11293 24765
1981 9736
18600 23967
18600 19351
17250 15571
24578 15580
15562 23149
7853 9037
14552 5629
5656 24870
3430 24699
15305 4211
7444 11379
12262 3522
25896 19677
19607 6064
6971 12386
17082 25698
1727 1425
19781 4515
320 16433
12687 6411
18788 7578
12687 16674
2212 23576
15585 24431
25916 26038
4371 15189
17580 10711
7459 5835
8774 5541
5608 21608
22504 13673
13520 260
17414 15108
3066 24955
21650 12786
18719 20902
15933 4353
23038 14865
7802 9249
21968 19101
9710 15227
1278 13371
19945 2789
482 3310
5212 3618
4814 25783
15148 4624
10539 12874
231 7522
19580 4286
17134 23751
11231 23883
11293 5773
4446 7645
13 22318
19161 5067
6494 24614
18008 12660
25378 4765
4697 11591
6494 22269
6288 2190
9471 5172
13740 10588
16888 22463
17379 14952
23241 12040
5629 1258
3677 12324
8391 11402
13628 19489
1711 16310
25111 7635
16264 281
17403 10878
9907 18600
21621 24970
15784 2255
13801 10926
4211 20716
22618 2710
8579 13647
20182 20595
13282 25864
16056 23068
19246 13837
12040 1545
8547 4632
24870 1356
6506 18904
23151 6434
19880 2710
5807 9124
4632 1341
5259 1667
18920 4431
15173 482
15003 20644
26098 17113
914 21943
24589 9360
19164 11919
18276 5212
6443 24885
1877 20303